PatchVersion=24.22905.81123
ClientVersion=24.22905.81123
ServerVersion=24.22905.81123
ProductName=hl2coop
ServerAppID=243750
AppID=243750